48  58  32  122  101  114  111  10 
49  58  32  111  110  101  10 
50  58  32  116  119  111  10 
51  58  32  116  104  114  101  101  10 
52  58  32  102  111  117  114  10 
53  58  32  102  105  118  101  10 
54  58  32  115  105  120  10 
55  58  32  115  101  118  101  110  10 
56  58  32  101  105  103  104  116  10 
57  58  32  110  105  110  101  10 
49  48  58  32  116  101  110  10 
49  49  58  32  101  108  101  118  101  110  10 
49  50  58  32  116  119  101  108  118  101  10 
49  51  58  32  116  104  105  114  116  101  101  110  10 
49  52  58  32  102  111  117  114  116  101  101  110  10 
49  53  58  32  102  105  102  116  101  101  110  10 
49  54  58  32  115  105  120  116  101  101  110  10 
49  55  58  32  115  101  118  101  110  116  101  101  110  10 
49  56  58  32  101  105  103  104  116  101  101  110  10 
49  57  58  32  110  105  110  101  116  101  101  110  10 
50  48  58  32  116  119  101  110  116  121  10 
51  48  58  32  116  104  105  114  116  121  10 
52  48  58  32  102  111  114  116  121  10 
53  48  58  32  102  105  102  116  121  10 
54  48  58  32  115  105  120  116  121  10 
55  48  58  32  115  101  118  101  110  116  121  10 
56  48  58  32  101  105  103  104  116  121  10 
57  48  58  32  110  105  110  101  116  121  10 
49  48  48  58  32  104  117  110  100  114  101  100  10 
49  48  48  48  58  32  116  104  111  117  115  97  110  100  10 
49  48  48  48  48  48  48  58  32  109  105  108  108  105  111  110  10 
49  48  48  48  48  48  48  48  48  48  58  32  98  105  108  108  105  111  110  10 
49  48  48  48  48  48  48  48  48  48  48  48  48  58  32  116  114  105  108  108  105  111  110  10 
49  48  48  48  48  48  48  48  48  48  48  48  48  48  48  48  58  32  113  117  97  100  114  105  108  108  105  111  110  10 
49  48  48  48  48  48  48  48  48  48  48  48  48  48  48  48  48  48  48  58  32  113  117  105  110  116  105  108  108  105  111  110  10 
49  48  48  48  48  48  48  48  48  48  48  48  48  48  48  48  48  48  48  48  48  48  58  32  115  101  120  116  105  108  108  105  111  110  10 
49  48  48  48  48  48  48  48  48  48  48  48  48  48  48  48  48  48  48  48  48  48  48  48  48  58  32  115  101  112  116  105  108  108  105  111  110  10 
49  48  48  48  48  48  48  48  48  48  48  48  48  48  48  48  48  48  48  48  48  48  48  48  48  48  48  48  58  32  111  99  116  105  108  108  105  111  110  10 
49  48  48  48  48  48  48  48  48  48  48  48  48  48  48  48  48  48  48  48  48  48  48  48  48  48  48  48  48  48  48  58  32  110  111  110  105  108  108  105  111  110  10 
49  48  48  48  48  48  48  48  48  48  48  48  48  48  48  48  48  48  48  48  48  48  48  48  48  48  48  48  48  48  48  48  48  48  58  32  100  101  99  105  108  108  105  111  110  10 
49  48  48  48  48  48  48  48  48  48  48  48  48  48  48  48  48  48  48  48  48  48  48  48  48  48  48  48  48  48  48  48  48  48  48  48  48  58  32  117  110  100  101  99  105  108  108  105  111  110  10 
0  